Patent Numer: 1000
DBScan:
1.0 0.9861751152073732 0.9952606635071091 1.0 1.0 0.9962871557428965
0.0 0.009174311926605505 0.0 0.0 0.0 0.001834862385321101
0.0 0.01834862385321101 0.009433962264150943 0.0 0.0 0.00555651722347239
Hierarchical Clustering:
1.0 0.9861751152073732 0.9952606635071091 1.0 1.0 0.9962871557428965
0.0 0.009174311926605505 0.0 0.0 0.0 0.001834862385321101
0.0 0.01834862385321101 0.009433962264150943 0.0 0.0 0.00555651722347239
Patent Number: 100
DBScan:
1.0 1.0 0.9523809523809523 1.0 1.0 0.9904761904761905
0.0 0.0 0.0 0.0 0.0 0.0
0.0 0.0 0.09090909090909091 0.0 0.0 0.01818181818181818
Hierarchical Clustering:
1.0 1.0 0.9523809523809523 1.0 1.0 0.9904761904761905
0.0 0.0 0.0 0.0 0.0 0.0
0.0 0.0 0.09090909090909091 0.0 0.0 0.01818181818181818
Patent Number: 500
DBScan:
0.9881422924901185 0.9540229885057472 0.9710826404979329
0.0 0.0 0.0
0.0234375 0.08791208791208792 0.05567479395604396
Hierarchical Clustering:
0.0 0.0 0.0
0.0 0.0 0.0
0.0234375 0.08791208791208792 0.05567479395604396
Patent Number: 1000
DBScan:
0.9041591320072333 0.9257884972170687 0.914973814612151
0.0 0.0 0.0
0.17491749174917492 0.1381692573402418 0.15654337454470835
Hierarchical Clustering:
0.9041591320072333 0.9257884972170687 0.914973814612151
0.0 0.0 0.0
0.17491749174917492 0.1381692573402418 0.15654337454470835
Patent Number: 500
DBScan:
0.9707602339181286 0.9707602339181286 0.988095238095238 0.9765385686438317
0.0 0.0 0.0 0.0
0.056818181818181816 0.056818181818181816 0.023529411764705882 0.045721925133689834
Hierarchical Clustering:
0.9707602339181286 0.9707602339181286 0.988095238095238 0.9765385686438317
0.0 0.0 0.0 0.0
0.056818181818181816 0.056818181818181816 0.023529411764705882 0.045721925133689834
