Patents:1000
1.791393127374217 1.791393127374217 0.6341519219201791 -0.9947688565274144 8.211858806483347 14.09021611536649 2.5643198083322436 1.1086316947889487 1.4041839227760664 4.938912552587537 20.463133995536488
1.0194780824582819 1.0194780824582819 0.3785222407706392 1.017800966879787 7.344470780040042 15.406270092374134 1.3302977259704492 2.1961935532192647 1.4943575203226882 2.3020304302068855 20.31696378009582
0.6147410365706505 0.6147410365706505 -0.7109570680261468 4.4935848271896806 11.391852141024058 16.43040822616577 2.516239279185542 4.069184462879616 0.8324913289235525 3.388728704598084 26.237905897374176
2.0108551057052755 2.0108551057052755 2.1810727783733777 -1.7815539522273875 9.074634016043202 13.468218358666169 3.0203928264532234 -0.3513330340925518 1.3056234192142295 4.4744673396072105 21.25893469717669
1.9472018373849953 1.9472018373849953 1.785894986078809 -0.8321019255742497 7.806464290492861 11.762353956763768 1.4573105823352288 1.1503874938613317 1.2035364689302563 2.128634275651585 17.362754376209498
Patents:1000
Patents:1000
Patents:2000
Patents:1000
Patents:2000
Patents:1000
Patents:1000
Patents:100
0.0 0.0 0.0 0.0 0.0 0.0 0.0 0.0 0.0 0.0 20.74548334059787
0.0 0.0 0.0 0.0 0.0 0.0 0.0 0.0 0.0 0.0 6.9146091134660566
0.0 0.0 0.0 0.0 0.0 0.0 0.0 0.0 0.0 0.0 7.608211792622636
0.0 0.0 0.0 0.0 0.0 0.0 0.0 0.0 0.0 0.0 7.6082117926226385
0.0 0.0 0.0 0.0 0.0 0.0 0.0 0.0 0.0 0.0 20.74548334059787
Patents:1000
0.0 0.0 0.0 0.0 0.0 0.0 0.0 0.0 0.0 0.0 7.413365623864775
0.0 0.0 0.0 0.0 0.0 0.0 0.0 0.0 0.0 0.0 7.923574073709659
Patents:1000
-0.08898186887367515 -0.8360356339400304 -0.4296214355038383 -0.03365352770419794 0.34815424462018607 0.34556634678241527 0.1319023135324965 1.1020633865074958 0.26697962182161494 -1.7356029315018031 7.051173309936846
-0.1829584181875555 -0.9012377345746646 -0.38001123285616223 -0.05016947976939551 0.39792245138040744 0.5446127163689298 0.09097154555115111 0.899079864537495 0.25388112276672153 -1.9317819749997083 6.486952515868358
Patents:1000
-0.21870554052722718 -0.9197389615131808 -0.4202602585091336 -0.06333098391064923 0.33706152849010157 0.410563749153387 0.13690245689394226 0.9243533344098618 0.15527323659571435 -2.0436271087031126 6.374971773558785
Patents:1000
-0.11904898840234292 -0.8698838065277931 -0.4528503990518628 -0.048639275462516014 0.3857299736772416 0.511039177289091 0.12332105744026031 0.8075220190230042 0.1604495292979456 -2.043846334764378 6.302188910542306
Patents:1000
-0.15405454134104307 -0.9857578210178944 -0.505732027130332 -0.04478084642166652 0.47448402970673775 0.5635452013403999 0.17788429306483555 1.3654294844911676 0.13841310231919673 -1.1744341301065992 7.9387973658268844
Patents:1000
Patents:500
-0.19817416841459873 -1.0415626107324898 -0.49032789023283824 -0.047245061311094426 0.35864190710245725 0.5159211292115643 0.0753921987826155 1.291110129343292 0.0 -2.0635014696406127 6.169902357340245
0.0646503200814953 -0.3450656674195968 -0.31286116252805557 0.10569471048021745 0.16156864868915444 0.5174278320740847 0.32418430415319827 0.670890181091647 0.0 -2.2388470362984014 7.024201330774827
Patents:1000
-0.11189517445582713 -0.8394789020812387 -0.33881363388113717 -0.05733230140590485 0.44259136857839054 0.48820083030228983 0.06860547529794195 0.7789085647941246 0.2061150326226114 -1.7755457006973023 6.674197929496084
-0.19099898077468025 -1.0218322535585946 -0.458573044129911 -0.057316841626100574 0.34880241361902176 0.42440031815554236 0.1301366236200402 0.9339534167382325 0.2500994865855054 -1.7450023419830774 6.610265358362483
Patents:4000
-0.12691419915091767 -0.9603374328759445 -0.46406123915937975 -0.04676340433566985 0.4287177640009263 0.4760902377902606 0.15757314665527308 1.1322485861929827 0.28435054437681573 -1.8041208194191234 6.988737282401344
Patents:500
0.09668973030161497 -0.676363726156383 -0.24381894264883275 0.011410633242901605 0.3650598683129883 0.5713360661132394 0.19471234249663708 1.2816906667473187 0.5028402754868537 -2.074280426389773 6.713623170500846
-0.09571797281012073 -0.8869253604860695 -0.4431647455041249 0.032949554843205546 0.26471480236131684 0.4420868675099733 0.11765567464771423 0.6206537682280211 -2.056563667702298E-6 -2.1534513963516972 6.297073313499619
-0.14831479738171566 -0.9670168163034641 -0.4383493884560736 -0.0758055035569517 0.42628894903269876 0.5654230737857043 0.11115833849502355 1.1678360819335172 0.21978786111023932 -1.884898340712869 6.871361847689549
