7297761
7419952
7504490
7217528
7219888
3930622
3938095
3948540
3960602
3930622
3930622
3938095
3948540
3960602
3960691
3966290
3930622
3971372
3938095
3975835
3948540
3978457
3960602
3990362
3960691
3994600
3966290
3997771
3971372
4009848
3975835
4015939
3978457
4016427
3990362
4022061
3994600
4025688
3997771
4026158
4009848
4015939
4016427
4022061
4026278
4025688
4027913
4026158
4030077
4030312
4030925
4026278
4031127
4031520
4027913
4032894
4030077
4036453
4030312
4038239
4030925
4045229
4031127
4050374
4031520
4050536
4032894
4053742
4036453
4056371
4038239
4057404
4045229
4050374
4060720
4050536
4068121
4053742
4075502
4056371
4078918
4057404
4080702
4060720
4081839
4068121
4082087
4082624
4075502
4083583
4078918
4080702
4083603
4081839
4085614
4082087
4086059
4082624
4088020
4083583
4095258
4083603
4097923
4085614
4098002
4086059
4098652
4088020
4099231
4095258
4106011
4108722
4097923
4111031
4098002
4111376
4098652
4111512
4099231
4111887
4106011
4113201
4108722
4120305
4111031
4123398
4111376
4127048
4111512
4129334
