3.0
-9.130312846377294 0.5196554651229732 0.6892887172082951 0.49626905246994274 0.6740164479763827 1.586783917923929 1.9295439432153412 0.7169508202485788 0.7354801692561738 1.560455727259904 0.5293662714063261 
-8.819852546179494 0.5727463550109231 0.5794073690436176 0.36879464132641454 0.7875262522056319 1.188416037141656 1.0982029384117116 0.7919816884009248 0.23506663261332297 0.6684700586661483 0.49475920481023833 
-9.22866775356474 0.4237790861556003 0.6623887813244175 0.6086227517356868 0.6610876736093448 1.3978187664741675 1.9941897248397853 1.066896107133905 1.0526376111506859 1.557215963940691 0.5439137759922263 
-9.144599911946282 0.416292383133541 0.6576530763948006 0.629744978056438 0.7818332560658159 1.0553472382674927 1.8208651875578883 0.8276278781145804 0.9738191691304291 1.3504313864771462 0.5284040597102746 
-9.337411105625613 0.48034888654854624 0.5889035460719999 0.7221507723642243 0.8020973430669529 0.9495000715012987 2.3498643966858834 1.0733270114804276 1.3453352556557738 1.974761953070893 0.6352533815895016 
3.1
-9.099310361115597 0.5127148819216055 0.6768557660658817 0.4862800163864855 0.6634346529920521 1.5574752117155328 1.8822208775959632 0.7068124317072118 0.7135147965933512 1.5198528597150087 0.5206696804441876 
-8.776842311970578 0.5642926082841471 0.5630577904240947 0.3502742709148258 0.7810881691599735 1.1608915383629266 1.0398411244568015 0.7874996489846 0.18832856211068416 0.6146641752217936 0.48795542773460815 
-9.197494938654433 0.4192561431248959 0.6514528101590131 0.5973067856503432 0.6501675298725687 1.3740729700025065 1.9492911055712285 1.0479748475163642 1.0269945659759199 1.5208983951714712 0.5352761031911459 
-9.09584394206085 0.4121092782960892 0.6394943760496417 0.60603955967351 0.770053516794013 1.0329368788560829 1.7492091349511774 0.8153237264473008 0.9170412864624251 1.2880517546694752 0.5192026794142078 
-9.305949019946977 0.47520952353564533 0.5819621245938236 0.7125934924576209 0.7873800285086472 0.9373027450191874 2.3055973902196936 1.056032168032169 1.3218812462049716 1.9381917007954224 0.6257962859709032 
3.2
-9.067749165222258 0.5060314520086548 0.6643824459186299 0.47585937476781764 0.6537501219990584 1.528342106193437 1.8342011774431077 0.6974872239288064 0.6899308018042066 1.4780954005909224 0.5122569566657625 
-8.736913874552448 0.5566066795669333 0.5481008289491262 0.3332926882365771 0.7753378839240339 1.135651186101905 0.9862681463585613 0.7835460941078357 0.14533596460243117 0.5652148140332844 0.4818007368159176 
-9.166927911293557 0.4147775494221901 0.640563269615632 0.5858564896399382 0.6398649089470465 1.350694610160276 1.904984693235465 1.0296872952496006 1.0010043520542462 1.4847379340129554 0.5268463979016393 
-9.04880990988974 0.40842150226325574 0.6221626092725147 0.5830391400176759 0.7593305785540008 1.0117272169567026 1.6799021218812582 0.8041406897483255 0.8613834564443097 1.2273343922992854 0.510640121652442 
-9.275109788721998 0.4701469892017787 0.5749876994116083 0.7028606080920166 0.7732902226992046 0.9252547088594475 2.261928999453545 1.039172745401578 1.2981450270803012 1.9018649991448626 0.6165380686168228 
3.3000000000000003
-9.036695233489972 0.4995129145616018 0.6520345318799674 0.46531667722578895 0.6447380121469314 1.499716954966468 1.786754400717528 0.6887161796444979 0.6658523075653693 1.4365186124254605 0.504117087482377 
-8.70025342412865 0.5496011821793908 0.5345047817204297 0.3178912926953401 0.7700922644410828 1.1126038645370124 0.9376070251604613 0.779924476945498 0.10637056501973222 0.5203340148721414 0.47620855256155387 
-9.136376592567192 0.4104364415785251 0.629673032364083 0.5741180165520992 0.6302801263233295 1.3276216944105212 1.8606597971646632 1.0120666360818862 0.9740804699024759 1.4481136211301162 0.5186400381166713 
-9.003402702660367 0.4052172602561736 0.6056547519719967 0.560779057544979 0.7496177467749644 0.9917073323589448 1.6129546214468096 0.7940318580655714 0.8069344821464879 1.1683267981921959 0.5027076647159289 
-9.244875623877725 0.46515114316941225 0.5679784762528166 0.6929627991105922 0.7598016256396438 0.9133510512519134 2.218839601831042 1.0227398820201115 1.2741458933249405 1.865776873248426 0.607470842944774 
3.4000000000000004
-8.389125002141451 0.5634390721348373 0.6346178172517967 0.5444490242902411 0.5180953610850516 1.3103853893458768 1.0509454916430079 0.2511466230243544 0.8309442053036317 0.9325293704710527 0.2711655857961216 
-8.288998449314555 0.34539196465546873 0.36112461438951593 0.330771030015384 0.20978750474474595 1.3271916113918414 1.0585982724409195 0.26485189433013573 0.8325281078259487 0.9375235035700228 0.09414759988562861 
-8.289198876976537 0.29227272999226755 0.3447314389821218 0.2604066245729878 0.42378336973220204 1.3227258817467547 1.0547345480818322 0.12362870877077954 0.8170110428345818 0.9443856987931138 0.282493763402882 
-8.369117328202476 0.4867476797303011 0.567970424413641 0.4824447514237044 0.45010852302420323 1.829979921945849 1.577172134087351 0.22591632059055594 1.2551006802930416 1.4070496136666606 0.30714559330992297 
-8.299536211468434 0.27628981970702243 0.35343721113004545 0.25527749853179094 0.4223903750591291 1.3266976390996938 1.0684627309671446 0.12054975981023235 0.8287951225882982 0.9392478728643527 0.4183049954592685 
-8.346063248811985 0.5428285234762243 0.6099858276810286 0.5225567133166242 0.5003925995711321 1.2614830742200385 1.006068776839576 0.24547626705065442 0.7926772480875822 0.8910061431087578 0.26171300980819595 
-8.249056691776723 0.3338593657527231 0.3471931602512791 0.3164895073913941 0.20717847738158385 1.2742803767480686 1.0088008948933722 0.2599780066923767 0.7881440191098644 0.8910520913631208 0.09302615593806729 
-8.248895529139837 0.28274988858184347 0.3311895079023206 0.24864758030373219 0.4111584261426366 1.2701881528547465 1.004863389307563 0.1252494876793733 0.7734810780868175 0.8973348591119784 0.27310658649201297 
-8.322940102129861 0.4761549642626715 0.55608294253304 0.47451680037803057 0.4372666319277406 1.785214430368533 1.5362205284277533 0.2185188397202425 1.2283655988889723 1.3725871807771735 0.29914045697589103 
-8.258549332695308 0.26772101168373547 0.33956236145715635 0.24392647875082 0.40991308671713994 1.273520504104558 1.01828115453541 0.12233548729157846 0.7843797593812164 0.8922682900318865 0.4025824500336473 
-8.30602929323105 0.5235180583924153 0.5867635157860476 0.5016871442041284 0.4842067244872876 1.2154670713525342 0.9636298116149099 0.24056472927689257 0.755928406902201 0.8514904379522096 0.25302722970682706 
-8.212946542463351 0.32314368055227805 0.3342630130638879 0.30321384813746716 0.2047345873872962 1.2253795565294838 0.9630672384366803 0.2554610624354731 0.7472981206858478 0.8483145259925639 0.09201277030291123 
-8.211798177027203 0.2741054538627892 0.3187129776658659 0.23766225774071942 0.3997922405050147 1.2214934766133823 0.9586015469166653 0.12714093227688686 0.7326273685408637 0.8535138546146619 0.26449609813736064 
-8.280107571868843 0.46557500735060187 0.5442607035108824 0.46643788598689995 0.4247298876383149 1.7416343429078553 1.4968734128651289 0.21127127117102892 1.2023643773101833 1.3394325189873684 0.2913600676805308 
-8.221410317625438 0.2598405447030776 0.3267876035801715 0.23342781081448014 0.39845273904159484 1.2243653199951825 0.9721024596922806 0.12404358379427044 0.7433560765042362 0.8489748406256163 0.38807463900979083 
-8.268748472629921 0.5054763130392214 0.5649344856062475 0.48187687138116514 0.46941867618625177 1.1722686935120112 0.9235910502476915 0.23633977668829528 0.7207836739723841 0.8139953863502137 0.24505105708726788 
-8.179172175962172 0.31333751156358813 0.32223502225858053 0.2906849312564625 0.20295512683841196 1.179977845400029 0.9202882606840667 0.25179023517682464 0.7085699495224664 0.8080638233347134 0.09130725393052934 
-8.177713209455142 0.2662323705540774 0.30722233443225716 0.22744292242738073 0.38949923661732033 1.1763925386374245 0.9157775287056807 0.1291516767669281 0.6944829442205578 0.812828953823167 0.2565901567638361 
-8.238563087114644 0.4553172787011005 0.5325226737366396 0.45798605252319025 0.41314532550217686 1.6992004262031561 1.4580793545899813 0.20499417591045976 1.1755765234379507 1.3062394800502524 0.28396024971989425 
-8.1866111720696 0.2527811453726746 0.31499784533469033 0.22354749889587322 0.3883028891207118 1.1787231260398514 0.9288562948243251 0.12627028243066968 0.704335118231997 0.808129546462813 0.37471169195396464 
-8.233295625085756 0.4886761842592662 0.5443622420049186 0.4629318174618179 0.45611803662597955 1.1317069113373774 0.8854586175241344 0.2330542135676048 0.6866160718842304 0.7779459399842396 0.237792510505547 
-8.148247440429275 0.3042729123622716 0.3110882669839014 0.2790355370744499 0.20138142234696216 1.137943464078404 0.8807780668811428 0.24848219008285352 0.6726810429350942 0.7708124504652675 0.0907095851687017 
-8.146509998092244 0.259017713785567 0.2966338887107516 0.21797601212841702 0.3800861773400298 1.1346278141005661 0.8762365332513615 0.1311209815248843 0.6590870347915374 0.7752025351992289 0.24930602340809127 
-8.19951638132788 0.4451699124927111 0.5208816877331988 0.4493972255620869 0.4019864558968814 1.6578670394265385 1.4204967688534733 0.19902320239717555 1.1491642596842442 1.2739372119872978 0.2768107602035673 
-8.154660167828146 0.24633082933998252 0.3041323975816207 0.21438294613679368 0.37905591688098217 1.1364702657863703 0.8888436514471708 0.12850124806715033 0.6680409521127162 0.7702447200639388 0.36238798611553913 
-8.200158940655147 0.4730417738574739 0.5250937830968163 0.44503917697682904 0.4440009743213135 1.0937394143734942 0.849563544829767 0.2303303323389762 0.6540841406282281 0.7438368327538394 0.23114465442515716 
-8.119377059394061 0.295965968553205 0.30074204384120296 0.2681084479815067 0.20024591976861073 1.098909356492901 0.8438890473991058 0.2457581646581819 0.6388495788055988 0.7358561238889084 0.09031553716743639 
-8.1173809315818 0.2524876509174485 0.2868601706676651 0.209108226969226 0.3716611069748328 1.095837172895467 0.8393196387133743 0.13334468460426835 0.6256639790626811 0.7399164932377241 0.2426509758936329 
-8.162873890339599 0.4351448463122421 0.5093659382963938 0.44072915485378705 0.3912151976234595 1.6176297006398488 1.384124503654561 0.19330754198899736 1.1232195625838504 1.2425589016799028 0.2698993761280595 
-8.124754070044979 0.24053481451902586 0.2941055313868831 0.20579788065291002 0.37082363598855 1.097239944450634 0.8514324792098692 0.13102881145448556 0.6337034888831943 0.7346161918987292 0.35103469169291696 
-8.169944644533295 0.4584625172079973 0.5071645079142859 0.42839661149660285 0.432697086860723 1.0582936640796288 0.8162856427930596 0.22770359224638265 0.6239485967315112 0.7122415963811469 0.2249681074558775 
-8.093198418669903 0.2882116438383552 0.2911534648774823 0.2580268940514227 0.19902825672856422 1.062738589983613 0.8099986739316543 0.2430732536126251 0.6078854654205149 0.7037846563118242 0.0898940896298533 
-8.090231941084541 0.24655883148238303 0.27783248311713526 0.20081736486090257 0.3640845182464295 1.0597931131996001 0.8048772838097944 0.13572051553859718 0.5941915276539012 0.7068735541987989 0.23655949868707263 
-8.127245524082841 0.4254400713968307 0.4979792603429638 0.4318264656406185 0.3812572966891942 1.5784301416299626 1.3482535879308424 0.1883944242053653 1.0967135669671928 1.211200362128086 0.26333299384619807 
-8.097534368682311 0.2351471248878883 0.28484400589110337 0.19788788417255992 0.363146863700899 1.0609036967484762 0.8169867110171034 0.13326978044177537 0.6021391285636893 0.7018380664596483 0.34052512175830624 
-8.141095399004518 0.4449283679081564 0.49031522876722433 0.4125551573182964 0.4225548886707275 1.0250817681346271 0.7846434236479939 0.22580380408972256 0.5947863710367685 0.6819415806547398 0.21936042838204015 
