2.0
-8.017549219380347 0.32155217426470845 0.2878669025068493 0.004187169793588468 0.5190081063721858 0.5098407421745509 0.09946566848240401 0.5505279600573774 -0.5441342503041686 -0.126914899806251 0.2800651058717604 
-8.14298414995417 0.13559409455056637 0.062180193446414816 -0.08574225915519876 0.23047482807034436 0.9499871871227414 0.5720596008534675 0.2547445328174294 0.28671971607554503 0.3230136144848028 0.059353190647383786 
-8.013937632316907 0.32870568958580687 0.46259821738493295 0.13022294979953208 0.31959977608784534 1.2992712972398037 1.7523897599324472 0.13260023343971386 1.0961758796537262 1.1090628094904103 0.316209055194844 
-8.02262641580701 0.2956453633320293 0.2804540337330596 0.11160691767749925 0.39536664107706976 0.9480471924950692 0.9452546833571283 0.22901236943024417 0.6311010300874866 0.3524686318266889 0.3783408546902518 
-7.973334259506496 0.2843919162836503 0.4356061189018486 0.11545517602653578 0.35875339000161394 0.9407463499798595 1.3559115669358062 0.17846214112139042 0.7440845394884078 0.8748716585219248 0.343158947843729 
2.1
-8.014919934895968 0.3139484764067942 0.2812722708462159 0.003874220665502033 0.5066848893704 0.4977469686282832 0.09745499784771033 0.5374711254492833 -0.5319227252270149 -0.1237420401735642 0.27326092831862087 
-8.121538859666384 0.135744800083214 0.06385995886919674 -0.08267654622194659 0.23206201127999704 0.9160584860280384 0.5417237847270602 0.25604413252597036 0.25924773376572824 0.3002339950769352 0.06270635011435738 
-7.970780976239409 0.3176423231639731 0.44447987278230544 0.1255210185569259 0.3108799663813267 1.2528766137598957 1.678671460356522 0.13206229412329282 1.0486243171417653 1.060684594242654 0.3075293235661791 
-7.993893496297119 0.2885750170050634 0.2716136404774335 0.10616337556307795 0.38929106083610215 0.9139462986439091 0.8960705240334259 0.23235011017515153 0.5859564493613727 0.3276619144679948 0.36627865316164265 
-7.936865022206189 0.2767643024815944 0.41848196012111044 0.11044440377914987 0.35220171947751583 0.9061244057578384 1.2888516898373643 0.18146635373579834 0.6985496960097138 0.8269982619739519 0.3325795897044162 
2.2
-8.012245974160358 0.30668635678787887 0.2749512377228804 0.003577039693921684 0.49493083607132593 0.48621175835128566 0.09548577860957642 0.5250163945837192 -0.5202529217030775 -0.12075955846971922 0.26677863552235714 
-8.102260189595722 0.13567668634760513 0.06522830664633705 -0.07987569963156936 0.23308016703137036 0.8852556679208503 0.5146307215238294 0.25677418344268466 0.2350753301473731 0.2800598753489848 0.06552641939428878 
-7.931017896787147 0.30753668410373675 0.4278249130271253 0.12110861907074574 0.30306236080529675 1.2090904429307616 1.609632079061745 0.13193256968032968 1.0034160304411746 1.015177350260333 0.29923319003945625 
-7.967901081465064 0.28224334287366554 0.26365495955097557 0.10122734050010287 0.38392755956683766 0.8830593883595511 0.8513969935003696 0.23553885203624386 0.5447945487278449 0.30507322700274636 0.3553711294036389 
-7.904346974941734 0.26980741843404366 0.4029856511893548 0.10591803524665798 0.34614943684614574 0.8744946260073165 1.2281320721681388 0.18405672454208719 0.6573994952835447 0.7837082900664634 0.32284626317390275 
2.3000000000000003
-8.011253877361716 0.29895771987278386 0.2686124747982429 0.003263801817654423 0.4821428422793638 0.4736509060734438 0.09425714940580326 0.5114848468822408 -0.5078397828584392 -0.1167036832591052 0.2596023450124294 
-8.083508720657958 0.1360280646477719 0.06680450972103258 -0.07728945490680048 0.23478745292539344 0.8571858738527156 0.4892210870175773 0.25826536835518626 0.2117729001823298 0.2608588690301526 0.06854488048533809 
-7.894382889771952 0.2982848764386781 0.4124927420190976 0.11698121689169665 0.29602201161612035 1.167887088809782 1.545072567236206 0.13209882238813814 0.9606265416169882 0.9724768750717953 0.2913565778146895 
-7.943804912301492 0.27669717275121747 0.25651860098874174 0.09667594875355975 0.3795070283464541 0.8550192935525313 0.8101332439695306 0.23903965619105536 0.5062969638101456 0.28397950751597134 0.34553920094017215 
-7.8749503471142175 0.26349700316722335 0.3888851843721625 0.10178300443148093 0.3406923452187725 0.8455355583032472 1.1726153788849827 0.18650139620485706 0.6197019752349497 0.7440985647478513 0.31391263215982135 
2.4000000000000004
-8.008504692218246 0.2923127180588493 0.262783656047718 0.0029951238715401674 0.4714185232182503 0.4631263840171606 0.09235809834446153 0.5001193156659891 -0.49714871352786116 -0.1140699882228779 0.2537031234445344 
-8.067107836799002 0.1358938640213136 0.06789447205844382 -0.07491494183385083 0.23545161883940022 0.8314367212571554 0.46680948465487937 0.25867552118471865 0.1919604932343495 0.24426240559281695 0.07081650010446605 
