0.8
-10.059048443775467 1.0907603253350415 0.9593802473384335 0.8694328794985865 1.3892675641170464 2.5826017924284304 3.287308681149282 1.5386012693906939 1.3349157031510597 2.270338290318432 1.0596267031015356
-10.147816162126489 0.9429844707758184 0.8716361853852789 0.7803238489667281 1.3603504273908678 2.6286065661581963 3.392128422704037 1.6373233998609418 1.5437858421048722 2.3686088283310514 0.9591721009521786
-10.099701749224007 0.9864975372700527 0.893706661612425 0.8280779405798975 1.4203972636580793 2.500428223713526 3.439000508148249 1.5928619474407202 1.4562520068334837 2.410478019106974 0.962199634875168
-10.11000219810774 0.964945182479846 0.88625864303689 0.7749512641585318 1.4156146063975297 2.5586825905743296 3.4508770205915362 1.546817724683198 1.4771759460976361 2.3800755348518643 0.9480779553573894
-10.104897211147387 0.9841620200876312 0.9111344573588934 0.8670435709001516 1.4323000826287473 2.5676707677459603 3.4199246413869906 1.6332339412685468 1.4415390937544035 2.3858616416505822 0.9580911093564972
1.0
-10.042109725295436 1.083905590841367 0.9549932050864712 0.8669995845401901 1.3782003234273286 2.5708070622294352 3.265888218880971 1.527292277414909 1.331684303425933 2.257857471371344 1.0536704910329413
-10.12871971946402 0.9366231643621883 0.8673426759211689 0.7780739603677609 1.3492136514221125 2.616698616250876 3.3687169599881743 1.6247739854916081 1.5385328825649922 2.3546824326099447 0.9537472568710536
-10.080646997713467 0.9797423527620658 0.8890583145511065 0.8252863830572735 1.4084237651507385 2.488478386022112 3.41469089301995 1.5805059570023272 1.45138155965259 2.395813523566367 0.9563458008851335
-10.090773490256238 0.958659695465337 0.882040516959514 0.7728810216527856 1.4039803228408638 2.5474295941903944 3.426617051557272 1.5348787581825332 1.4723323272464288 2.365705868132947 0.9423181034990716
-10.087742410461928 0.9780558626248038 0.9071178755510673 0.8646513301964365 1.4211195979128863 2.556601336249334 3.398192658091557 1.6214129554211096 1.438034584748773 2.3731851781956577 0.952891343211682
1.2
-10.025264979831782 1.0771599645861751 0.9506576975395338 0.8645528669687352 1.3673294984052384 2.5591189645042274 3.244649533525133 1.5162116862310198 1.3283492342774297 2.245424279912928 1.0478110262294063
-10.10972775471429 0.9303794963575291 0.8631092115558314 0.7758076243206501 1.3382929814918993 2.604907392687041 3.345512102998629 1.6124965659806516 1.5331786466504425 2.3408100239322485 0.9484224069078556
-10.061696835931397 0.9731063534416801 0.88446709245504 0.8224801617778631 1.3966729630199224 2.476649274931889 3.3905870933088793 1.5684084682116872 1.4463989297097792 2.3812047352584313 0.9505985392550078
-10.072594597939844 0.9525171921101888 0.8779235867877025 0.7709114708186068 1.3926466580944423 2.5363569606547096 3.4035360463624915 1.5232318618024447 1.4679190808009397 2.352139375218238 0.9366830112732671
-10.069722527779277 0.9720161993959688 0.9031068615915051 0.8620956770246271 1.4100492905136055 2.5455629544067233 3.37568347467714 1.6097835703909429 1.4339003534117114 2.359816013200939 0.9477777843878895
1.4
-10.00851205472531 1.0705210920655712 0.9463722887529264 0.8620925610798902 1.3566510522028619 2.5475341073806756 3.2235877062448886 1.5053541704484241 1.3249113713719536 2.2330365222020503 1.0420461423024907
-10.091773212877364 0.9242829423702078 0.8589867012143078 0.7736658734774097 1.327638866286501 2.5933184669678275 3.3234305811679015 1.6005276587767525 1.5282823232383935 2.327714223539958 0.94319907663277
-10.043785506487017 0.9666296982700601 0.8799964015145226 0.8198161216622184 1.3852272447625769 2.4650319508997214 3.367646357347464 1.5566055239484253 1.4418548814312269 2.3674003361971225 0.9449700949251287
-10.054513604166345 0.9464788369646191 0.8738572595402941 0.7689190955661656 1.3815151194540989 2.5253839971155028 3.380650199536075 1.5118223971378242 1.4634012047627645 2.3386225743640052 0.9311403032631006
-10.052750188295587 0.9661134760606556 0.8991897964745794 0.8596793047585528 1.399259927877044 2.5347139181800475 3.35433355332085 1.598432422731035 1.4302041593596093 2.347248999979787 0.9427581852238333
1.5999999999999999
-9.991848847434108 1.0639866638156827 0.9421355631824893 0.8596184834262299 1.3461610376923898 2.536049170036726 3.202697918673161 1.4947145213998085 1.321371548791669 2.2206920388879876 1.0363737081783104
-10.07298123949092 0.918264917672616 0.854867760336042 0.7713674953219665 1.317132262618479 2.581748416040732 3.3006182739766636 1.5887694045212675 1.5227312772386237 2.3139422891909773 0.9380653303363985
-10.02503640592849 0.9602219228418185 0.8755139479295365 0.8169808477628767 1.373902923263658 2.453430529043676 3.3439332885668853 1.5450011658415794 1.4366535427311524 2.3528946497694703 0.9394265613722732
-10.037476587121066 0.9405715643484198 0.869887535034627 0.7670330708946087 1.370659114263383 2.514586023031267 3.3589219175776845 1.5006746376600457 1.45933235175092 2.32590685505882 0.9257120534751043
-10.035865427396487 0.9603083061527634 0.8953202490314129 0.8572512108451686 1.3886579476838816 2.523969658042551 3.3331653267990484 1.5873055586416416 1.4264150735923158 2.334733137402264 0.9378248454718043
1.7999999999999998
-9.975273304554786 1.0575544142302749 0.9379461250107722 0.857130433239132 1.335855595400461 2.5246609010618757 3.1819754500745225 1.4842876441483823 1.3177305600167537 2.2083887038857357 1.030791627100662
-10.056156690091813 0.9124131703115118 0.8509068218701648 0.7693388792052672 1.3069226366034936 2.570464829623713 3.2798320974538 1.5773308594962796 1.5182140535652164 2.3016706426191664 0.933026751432573
-10.007320763732313 0.9539644388333819 0.8711480019062813 0.8142895404614319 1.362866212083564 2.442032961724277 3.3213673587567096 1.5336701365667595 1.431900452825733 2.3391894699944493 0.9339937129935437
-10.020532238851473 0.9347605305659434 0.865964840113038 0.7651270079294726 1.3599889340022688 2.5038814839662464 3.3373730207869925 1.4897442403488335 1.4551685496209612 2.3132373826143193 0.920369286386574
-10.019066023110145 0.9545986468251556 0.8914969245185635 0.8548112433284671 1.3782394732169378 2.5133267020218284 3.3121737707345025 1.576397763514535 1.4225336833433952 2.322266024565421 0.9329758232752995
1.9999999999999998
-9.959739683367834 1.0512793689950701 0.9338675023055506 0.8547916665190254 1.3257980162534322 2.5134917065113127 3.1623793687124047 1.4740777771087226 1.3145396580342863 2.196884972400151 1.0253305501453558
-10.038489511446016 0.9066353676498558 0.8469464375205937 0.7671534210947553 1.296852097484648 2.559192528474758 3.2583042493785372 1.566091112350196 1.5130430825186845 2.288717932991643 0.9280732779219237
-9.99063551469246 0.9478492214380306 0.8668959381420495 0.8117454654506848 1.3521009422898886 2.430836880218879 3.299937244729666 1.5225937341249036 1.42760912100814 2.326285077791965 0.9286646450936015
-10.00367850957135 0.9290437416571887 0.862087898681832 0.7632009379979665 1.3495007251225206 2.49326689816194 3.315998545305488 1.4790261653205161 1.4509103990363292 2.3006119329913477 0.9151102226662674
-10.003306812650731 0.9490104046236925 0.8877616965572969 0.8525157598339272 1.3680700285121634 2.50286376362483 3.2923132991352384 1.5657288900352961 1.419112398249783 2.3105965935808404 0.9282073042610338
2.1999999999999997
-9.944289081035079 1.045098463370989 0.929832890261963 0.852440958424765 1.3159096793425025 2.502414367433988 3.142937232107922 1.4640622747620127 1.3112575528018333 2.185419871664399 1.0199527328145175
-10.02184840042063 0.900983528639716 0.8430874537502007 0.7650984371220876 1.287007623853991 2.548110718490533 3.2378649311937733 1.5551072241601123 1.508355979503429 2.2765369387348757 0.9232039405316046
0.8 10.856011296716725 1.9124178287597333
1.0 10.99105732886746 1.9141813419762
1.2 11.12720383409128 1.916012621488633
1.4 11.261209268698853 1.919028000683943
1.5999999999999999 11.397426959703418 1.9224454451389914
1.7999999999999998 11.531455372205992 1.925713658122446
1.9999999999999998 11.663724907890662 1.9294468753387477
10.0 2.1566780536474194E-4 2.391163816703747E-5
20.0 2.4233437764258973E-4 2.2416737648896348E-5
30.0 2.5628270367323257E-4 2.0657858234516724E-5
40.0 2.6530836169269165E-4 1.9367437511826924E-5
50.0 2.7211282106403883E-4 1.8023962790370134E-5
60.0 2.773438853609565E-4 1.7174882779133968E-5
70.0 2.818228466198388E-4 1.6145048902234688E-5
80.0 2.85348460507548E-4 1.549728150522237E-5
90.0 2.884912033021001E-4 1.4890171240747313E-5
100.0 2.916060806963031E-4 1.4108437568695417E-5
